#DISPLACEMENT LOAD
0 0 0 0 0 0 0 0 0 0 0 0 0 0 0 0 0 0 0 0 0 0 0 00.0 0.0 0.0 0.0 0.0 0.0 0.004228320240670013 0.0 0.1 0.0 -0.0014084507042253522 0.0 1.3143286814789876e-15 -5.003822082817607e-17 -2.9994796285626117 0.0 212.96305362794544 -3.552713678800501e-15 -1.3143286814789876e-15 5.003822082817607e-17 2.9994796285626117 0.0 5.261044446902005e-16 0.0 
0.0 0.0 0.0 0.0 0.0 0.0 0.008350476639877891 0.0 0.2 0.0 -0.0028169014084507044 0.0 -1.9339069228377232e-15 -5.0038220828176064e-17 -5.942509183141118 0.0 421.9181520030194 -3.5527136788005005e-15 1.9339069228377232e-15 5.0038220828176064e-17 5.942509183141118 0.0 -1.4607480801120864e-16 0.0 
0.0 0.0 0.0 0.0 0.0 0.0 0.01235920779193669 0.0 0.30000000000000004 0.0 -0.004225352112676057 0.0 -6.4195872536860216e-15 -1.0007644165635214e-16 -8.825923337131398 0.0 626.6405569363292 -7.105427357601002e-15 6.4195872536860216e-15 1.0007644165635214e-16 8.825923337131398 0.0 -1.1247882119297118e-15 0.0 
0.0 0.0 0.0 0.0 0.0 0.0 0.01624620173124617 0.0 0.4 0.0 -0.005633802816901409 0.0 1.9485835980746386e-10 -1.0007644165780844e-16 -11.646162613734596 0.0 826.8775455743001 -7.105427357601002e-15 -1.9485835980746386e-10 1.0007644165780844e-16 11.646162613734596 0.0 8.56128204018112e-10 -1.0339757656912846e-25 
0.0 0.0 0.0 0.0 0.0 0.0 0.02000296973169289 0.0 0.5 0.0 -0.00704225352112922 0.0 -7.539516930816486e-11 1.9952990461830193e-28 -14.398162476432304 0.0 1022.2695358269876 0.0 7.539516930816486e-11 -1.9952990461830193e-28 14.398162476432304 0.0 -2.93977475959694e-10 1.4166623227899436e-26 
0.0 0.0 0.0 0.0 0.0 0.0 0.023662800319916383 0.0 0.6 0.0 -0.008450704225352114 0.0 9.109825691019786e-15 -2.0015288331270714e-16 -17.03749879817658 0.0 1209.662414670537 -1.4210854715202004e-14 -9.109825691019786e-15 2.0015288331270714e-16 17.03749879817658 0.0 1.2974833115897981e-14 -2.0255786774320787e-28 
0.0 0.0 0.0 0.0 0.0 0.0 0.027853569139241 0.0 0.7 0.0 -0.009859154929576737 0.0 -1.0339757656912846e-25 -2.001528833127953e-16 -19.011132890949682 0.0 1349.7904352574274 -1.4210854715202004e-14 1.0339757656912846e-25 2.001528833127953e-16 19.011132890949682 0.0 2.0679515313825692e-25 -6.462348535570529e-27 
0.0 0.0 0.0 0.0 0.0 0.0 0.03341462522156359 0.0 0.7999999999999999 0.0 -0.011267605633802818 0.0 -1.5866924144523214e-11 -2.0015288331280876e-16 -19.63276720068723 0.0 1393.926471248816 -1.4210854715202004e-14 1.5866924144523214e-11 2.0015288331280876e-16 19.63276720068723 0.0 -2.2598751867111788e-11 -7.4179234084964e-27 
0.0 0.0 0.0 0.0 0.0 0.0 0.03925030510850331 0.0 0.8999999999999999 0.0 -0.01267605633802817 0.0 -9.318553280292333e-15 -4.00305766625273e-16 -19.91468578916497 0.0 1413.942691030713 -2.842170943040401e-14 9.318553280292333e-15 4.00305766625273e-16 19.91468578916497 0.0 -1.3272117085616293e-14 9.62735284073124e-27 
0.0 0.0 0.0 0.0 0.0 0.0 0.04503058961739942 0.0 0.9999999999999999 0.0 -0.014084507042253521 0.0 4.724990481070934e-16 5.438414480356194e-29 -20.154771028301447 0.0 1430.9887430094027 0.0 -4.724990481070934e-16 -5.438414480356194e-29 20.154771028301447 0.0 6.729650447116276e-16 3.861274281052898e-27 
