#DISPLACEMENT LOAD
0.0 0.0 0.0 0.0 0.0 0.0 0.011449288975174747 0.0 0.4 0.0 -0.005996308415356164 0.0 -1.3973376188062913e-16 0.0 -0.389934469567385 0.0 38.99344695673851 0.0 1.3973376188062913e-16 0.0 0.389934469567385 0.0 -8.919158008853002e-15 0.0 
0.0 0.0 0.0 0.0 0.0 0.0 0.0226393702768715 0.0 0.8 0.0 -0.011984115791854403 0.0 1.6204453604738015e-10 0.0 -0.7753747331963788 0.0 77.53747331985556 0.0 -1.6204453604738015e-10 0.0 0.7753747331963788 0.0 -2.1767808800441924e-10 0.0 
0.0 0.0 0.0 0.0 0.0 0.0 0.03367164489622247 0.0 1.2000000000000002 0.0 -0.01783757436523998 0.0 3.9187681519699686e-23 0.0 -1.1320701357416758 0.0 113.20701357416758 0.0 -3.9187681519699686e-23 0.0 1.1320701357416758 0.0 1.6551367069303238e-22 0.0 
0.0 0.0 0.0 0.0 0.0 0.0 0.046251586530410414 0.0 1.6 0.0 -0.022031253006814976 0.0 1.27179019180028e-23 0.0 -1.1691871541057512 0.0 116.91871541057512 0.0 -1.27179019180028e-23 0.0 1.1691871541057512 0.0 6.694993082851068e-24 0.0 
0.0 0.0 0.0 0.0 0.0 0.0 0.05892101041946503 0.0 2.0 0.0 -0.02610720012784892 0.0 -5.169878828456423e-25 0.0 -1.183733590985124 0.0 118.37335909851241 0.0 5.169878828456423e-25 0.0 1.183733590985124 0.0 7.754818242684634e-26 0.0 
0.0 0.0 0.0 0.0 0.0 0.0 0.0715593120612951 0.0 2.4 0.0 -0.03018205887340543 0.0 -5.169878828456423e-25 0.0 -1.1980670054337421 0.0 119.8067005433742 0.0 5.169878828456423e-25 0.0 1.1980670054337421 0.0 7.754818242684634e-26 0.0 
0.0 0.0 0.0 0.0 0.0 0.0 0.08425105539846733 0.0 2.8 0.0 -0.03425254191157166 0.0 -5.169878828456423e-25 0.0 -1.2115584410091356 0.0 121.15584410091355 0.0 5.169878828456423e-25 0.0 1.2115584410091356 0.0 7.754818242684634e-26 0.0 
0.0 0.0 0.0 0.0 0.0 0.0 0.09705641015866592 0.0 3.1999999999999997 0.0 -0.038316789532347635 0.0 -5.169878828456423e-25 0.0 -1.2238528157424906 0.0 122.38528157424905 0.0 5.169878828456423e-25 0.0 1.2238528157424906 0.0 6.694993082851068e-24 0.0 
0.0 0.0 0.0 0.0 0.0 0.0 0.10983061163841933 0.0 3.5999999999999996 0.0 -0.04238024881338696 0.0 -5.169878828456423e-25 0.0 -1.2359930357331592 0.0 123.59930357331592 0.0 5.169878828456423e-25 0.0 1.2359930357331592 0.0 7.754818242684634e-26 0.0 
0.0 0.0 0.0 0.0 0.0 0.0 0.0984455037536075 0.0 3.1999999999999997 0.0 -0.036428976887218585 0.0 -5.169878828456423e-25 0.0 -0.8535127325205697 0.0 85.35127325205697 0.0 5.169878828456423e-25 0.0 0.8535127325205697 0.0 -8.469553990718735e-22 0.0 
0.0 0.0 0.0 0.0 0.0 0.0 0.08694174859270642 0.0 2.8 0.0 -0.030607221586732698 0.0 -5.169878828456423e-25 0.0 -0.49641974595909755 0.0 49.64197459590975 0.0 5.169878828456423e-25 0.0 0.49641974595909755 0.0 -8.469553990718735e-22 0.0 
0.0 0.0 0.0 0.0 0.0 0.0 0.07526112115601923 0.0 2.4 0.0 -0.024978541941304302 0.0 -5.169878828456423e-25 0.0 -0.17717265575951627 0.0 17.717265575951625 0.0 5.169878828456423e-25 0.0 0.17717265575951627 0.0 2.6258098913065737e-20 0.0 
0.0 0.0 0.0 0.0 0.0 0.0 0.0674904617681744 0.0 2.0 0.0 -0.019534450417306476 0.0 1.045841539229259e-10 0.0 0.09118148557469448 0.0 -9.11814855839718 0.0 -1.045841539229259e-10 0.0 -0.09118148557469448 0.0 9.277326567405e-10 0.0 
0.0 0.0 0.0 0.0 0.0 0.0 0.06418998518397175 0.0 1.6 0.0 -0.014385884155224939 0.0 -6.653581671417324e-12 0.0 0.3154975082137343 0.0 -31.549750820477634 0.0 6.653581671417324e-12 0.0 -0.3154975082137343 0.0 -8.957952627834454e-10 0.0 
0.0 0.0 0.0 0.0 0.0 0.0 0.060876587541201205 0.0 1.2000000000000002 0.0 -0.009655195949853933 0.0 -3.733886774142561e-12 0.0 0.4577175250194323 0.0 -45.77175250160043 0.0 3.733886774142561e-12 0.0 -0.4577175250194323 0.0 -3.427994456529247e-10 0.0 
0.0 0.0 0.0 0.0 0.0 0.0 0.056316352829576095 0.0 0.8000000000000002 0.0 -0.005093795020246718 0.0 1.4736061053918799e-21 0.0 0.5667261101246902 0.0 -56.67261101246902 0.0 -1.4736061053918799e-21 0.0 -0.5667261101246902 0.0 -3.740924320271068e-21 0.0 
0.0 0.0 0.0 0.0 0.0 0.0 0.05041358141685618 0.0 0.40000000000000013 0.0 -0.0006464808624944808 0.0 -5.302657472642523e-21 0.0 0.653416736728054 0.0 -65.3416736728054 0.0 5.302657472642523e-21 0.0 -0.653416736728054 0.0 9.811602835797738e-21 0.0 
0.0 0.0 0.0 0.0 0.0 0.0 0.043424838397065374 0.0 1.1102230246251565e-16 0.0 0.0037080765906818327 0.0 4.861737894409081e-21 0.0 0.7220252495980556 0.0 -72.20252495980556 0.0 -4.861737894409081e-21 0.0 -0.7220252495980556 0.0 6.4234710467805364e-21 0.0 
0.0 0.0 0.0 0.0 0.0 0.0 0.035590445730112275 0.0 -0.3999999999999999 0.0 0.007989960358083347 0.0 1.89712257901903e-21 0.0 0.776503710619062 0.0 -77.6503710619062 0.0 -1.89712257901903e-21 0.0 -0.776503710619062 0.0 -3.527925312538663e-22 0.0 
0.0 0.0 0.0 0.0 0.0 0.0 0.028920040455071218 0.0 -0.7999999999999999 0.0 0.012379725337845773 0.0 -1.6155871338926322e-26 0.0 0.8517326303430639 0.0 -85.17326303430639 0.0 1.6155871338926322e-26 0.0 -0.8517326303430639 0.0 4.1359030627651384e-25 0.0 
0.0 0.0 0.0 0.0 0.0 0.0 0.04062309944125777 0.0 -1.2 0.0 0.01760940573429719 0.0 6.601289029085295e-24 0.0 1.088304777146444 0.0 -108.8304777146444 0.0 -6.601289029085295e-24 0.0 -1.088304777146444 0.0 4.1359030627651384e-25 0.0 
0.0 0.0 0.0 0.0 0.0 0.0 0.053678441062485 0.0 -1.6 0.0 0.02168218033052568 0.0 -1.6155871338926322e-26 0.0 1.1022682496081269 0.0 -110.22682496081269 0.0 1.6155871338926322e-26 0.0 -1.1022682496081269 0.0 1.3648480107124957e-23 0.0 
0.0 0.0 0.0 0.0 0.0 0.0 0.06673173688813333 0.0 -2.0 0.0 0.025751619316801637 0.0 -3.4731271355983307e-10 0.0 1.1155877682990465 0.0 -111.55877682902444 0.0 3.4731271355983307e-10 0.0 -1.1155877682990465 0.0 -8.80196727931143e-10 0.0 
0.0 0.0 0.0 0.0 0.0 0.0 0.07978442766884858 0.0 -2.4 0.0 0.02981992164519949 0.0 1.0339757656912846e-25 0.0 1.12868549424532 0.0 -112.86854942453199 0.0 -1.0339757656912846e-25 0.0 -1.12868549424532 0.0 -1.5509636485369269e-24 0.0 
0.0 0.0 0.0 0.0 0.0 0.0 0.09283932428329361 0.0 -2.8 0.0 0.03388695091024445 0.0 1.0339757656912846e-25 0.0 1.1415354588566295 0.0 -114.15354588566295 0.0 -1.0339757656912846e-25 0.0 -1.1415354588566295 0.0 -1.5509636485369269e-24 0.0 
0.0 0.0 0.0 0.0 0.0 0.0 0.10589857648806383 0.0 -3.1999999999999997 0.0 0.03795261514167887 0.0 1.0339757656912846e-25 0.0 1.1541202348961368 0.0 -115.41202348961369 0.0 -1.0339757656912846e-25 0.0 -1.1541202348961368 0.0 -8.168408548961148e-24 0.0 
0.0 0.0 0.0 0.0 0.0 0.0 0.1189638856627311 0.0 -3.5999999999999996 0.0 0.042016853258871216 0.0 1.7577588016751838e-24 0.0 1.1664283287501263 0.0 -116.64283287501262 0.0 -1.7577588016751838e-24 0.0 -1.1664283287501263 0.0 5.0664812518872945e-24 0.0 
0.0 0.0 0.0 0.0 0.0 0.0 0.10763930741634584 0.0 -3.1999999999999997 0.0 0.03606775014730015 0.0 1.7577588016751838e-24 0.0 0.7843731476593314 0.0 -78.43731476593314 0.0 -1.7577588016751838e-24 0.0 -0.7843731476593314 0.0 5.0664812518872945e-24 0.0 
0.0 0.0 0.0 0.0 0.0 0.0 0.09620142990261031 0.0 -2.8 0.0 0.030246885609468525 0.0 -1.6923081357069255e-21 0.0 0.42745476473230315 0.0 -42.74547647323031 0.0 1.6923081357069255e-21 0.0 -0.42745476473230315 0.0 5.0664812518872945e-24 0.0 
0.0 0.0 0.0 0.0 0.0 0.0 0.08868224926769562 0.0 -2.4 0.0 0.024932460152039145 0.0 1.7577588016751838e-24 0.0 0.1698064888745725 0.0 -16.98064888745725 0.0 -1.7577588016751838e-24 0.0 -0.1698064888745725 0.0 5.0664812518872945e-24 0.0 
0.0 0.0 0.0 0.0 0.0 0.0 0.08487330271111324 0.0 -2.0 0.0 0.01991841476205542 0.0 1.7577588016751838e-24 0.0 -0.008896084404275157 0.0 0.8896084404275157 0.0 -1.7577588016751838e-24 0.0 0.008896084404275157 0.0 5.800604045528107e-23 0.0 
0.0 0.0 0.0 0.0 0.0 0.0 0.0868649858869024 0.0 -1.6 0.0 0.015095585235067986 0.0 -4.8596860987490376e-24 0.0 -0.16264261626898105 0.0 16.264261626898104 0.0 4.8596860987490376e-24 0.0 0.16264261626898105 0.0 5.0664812518872945e-24 0.0 
0.0 0.0 0.0 0.0 0.0 0.0 0.08842414039836784 0.0 -1.2000000000000002 0.0 0.010434972643043165 0.0 -6.781123264133152e-21 0.0 -0.2921331814278079 0.0 29.21331814278079 0.0 6.781123264133152e-21 0.0 0.2921331814278079 0.0 3.393198270269089e-21 0.0 
0.0 0.0 0.0 0.0 0.0 0.0 0.08944976449862477 0.0 -0.8000000000000002 0.0 0.005888158170245981 0.0 3.3832721029184523e-21 0.0 -0.3993175069669999 0.0 39.93175069669999 0.0 -3.3832721029184523e-21 0.0 0.3993175069669999 0.0 5.0664812518872945e-24 0.0 
0.0 0.0 0.0 0.0 0.0 0.0 0.09002049937441883 0.0 -0.40000000000000013 0.0 0.001436369794644273 0.0 -4.8596860987490376e-24 0.0 -0.48787520749198043 0.0 48.787520749198045 0.0 4.8596860987490376e-24 0.0 0.48787520749198043 0.0 5.0664812518872945e-24 0.0 
0.0 0.0 0.0 0.0 0.0 0.0 0.09020870938750973 0.0 -1.1102230246251565e-16 0.0 -0.0029376522825575596 0.0 -4.8596860987490376e-24 0.0 -0.5611894778235101 0.0 56.118947782351015 0.0 4.8596860987490376e-24 0.0 0.5611894778235101 0.0 8.520994285061876e-22 0.0 
0.0 0.0 0.0 0.0 0.0 0.0 0.09007705670931299 0.0 0.3999999999999999 0.0 -0.007248754815525854 0.0 -4.8596860987490376e-24 0.0 -0.6221705176886237 0.0 62.217051768862376 0.0 4.8596860987490376e-24 0.0 0.6221705176886237 0.0 8.520994285061876e-22 0.0 
0.0 0.0 0.0 0.0 0.0 0.0 0.08967794234837687 0.0 0.7999999999999999 0.0 -0.011509201496917604 0.0 -4.8596860987490376e-24 0.0 -0.6732222057082303 0.0 67.32222057082303 0.0 4.8596860987490376e-24 0.0 0.6732222057082303 0.0 5.0664812518872945e-24 0.0 
0.0 0.0 0.0 0.0 0.0 0.0 0.08905443457754322 0.0 1.2 0.0 -0.015728882059256592 0.0 -2.166179229123241e-22 0.0 -0.7162830865885269 0.0 71.62830865885269 0.0 2.166179229123241e-22 0.0 0.7162830865885269 0.0 2.168247180654624e-22 0.0 
0.0 0.0 0.0 0.0 0.0 0.0 0.08824175815290497 0.0 1.6 0.0 -0.01991566781526073 0.0 1.010194323080385e-22 0.0 -0.7528960626759913 0.0 75.28960626759913 0.0 -1.010194323080385e-22 0.0 0.7528960626759913 0.0 5.0664812518872945e-24 0.0 
0.0 0.0 0.0 0.0 0.0 0.0 0.08726883679945092 0.0 2.0 0.0 -0.024075786763311038 0.0 -4.8596860987490376e-24 0.0 -0.7842819205925935 0.0 78.42819205925935 0.0 4.8596860987490376e-24 0.0 0.7842819205925935 0.0 5.0664812518872945e-24 0.0 
0.0 0.0 0.0 0.0 0.0 0.0 0.08615966172385948 0.0 2.4 0.0 -0.028214161178214733 0.0 -4.8596860987490376e-24 0.0 -0.8114055043927958 0.0 81.14055043927958 0.0 4.8596860987490376e-24 0.0 0.8114055043927958 0.0 -4.7873077951506477e-23 0.0 
0.0 0.0 0.0 0.0 0.0 0.0 0.09516788040948618 0.0 2.8 0.0 -0.032469766056977455 0.0 2.959755629291302e-21 0.0 -0.8615081210504612 0.0 86.15081210504611 0.0 -2.959755629291302e-21 0.0 0.8615081210504612 0.0 -4.7873077951506477e-23 0.0 
0.0 0.0 0.0 0.0 0.0 0.0 0.10808973228218784 0.0 3.1999999999999997 0.0 -0.036745174887280206 0.0 4.1865678752840113e-22 0.0 -0.9154926248473412 0.0 91.54926248473411 0.0 -4.1865678752840113e-22 0.0 0.9154926248473412 0.0 -4.7873077951506477e-23 0.0 
0.0 0.0 0.0 0.0 0.0 0.0 0.12106362132839714 0.0 3.5999999999999996 0.0 -0.04097062406029248 0.0 4.8079873104644734e-23 0.0 -0.959684239065103 0.0 95.9684239065103 0.0 -4.8079873104644734e-23 0.0 0.959684239065103 0.0 -4.7873077951506477e-23 0.0 
0.0 0.0 0.0 0.0 0.0 0.0 0.13408042906746193 0.0 3.9999999999999996 0.0 -0.04516027923902712 0.0 -4.8596860987490376e-24 0.0 -0.9968596576373716 0.0 99.68596576373716 0.0 4.8596860987490376e-24 0.0 0.9968596576373716 0.0 3.756433956756437e-22 0.0 
0.0 0.0 0.0 0.0 0.0 0.0 0.14713462716528197 0.0 4.3999999999999995 0.0 -0.049323690328088074 0.0 8.375203702099405e-24 0.0 -1.0288908124684928 0.0 102.88908124684927 0.0 -8.375203702099405e-24 0.0 1.0288908124684928 0.0 -4.7873077951506477e-23 0.0 
0.0 0.0 0.0 0.0 0.0 0.0 0.16022295670432382 0.0 4.8 0.0 -0.05346737869950126 0.0 -4.8596860987490376e-24 0.0 -1.0570559949039326 0.0 105.70559949039325 0.0 4.8596860987490376e-24 0.0 1.0570559949039326 0.0 1.638851588620686e-22 0.0 
0.0 0.0 0.0 0.0 0.0 0.0 0.1733435320442027 0.0 5.2 0.0 -0.057595874833219485 0.0 5.0664812518872945e-24 0.0 -1.0822432497369652 0.0 108.22432497369653 0.0 -5.0664812518872945e-24 0.0 1.0822432497369652 0.0 -4.7873077951506477e-23 0.0 
0.0 0.0 0.0 0.0 0.0 0.0 0.18649527511666164 0.0 5.6000000000000005 0.0 -0.061712385818402965 0.0 1.0339757656912846e-25 0.0 -1.105081216051198 0.0 110.5081216051198 0.0 -1.0339757656912846e-25 0.0 1.105081216051198 0.0 -4.7873077951506477e-23 0.0 
0.0 0.0 0.0 0.0 0.0 0.0 0.199677561609515 0.0 6.000000000000001 0.0 -0.06581922585815564 0.0 1.0339757656912846e-25 0.0 -1.1260235129826957 0.0 112.60235129826957 0.0 -1.0339757656912846e-25 0.0 1.1260235129826957 0.0 5.0664812518872945e-24 0.0 
0.0 0.0 0.0 0.0 0.0 0.0 0.21288999950575546 0.0 6.400000000000001 0.0 -0.0699180969683877 0.0 1.0339757656912846e-25 0.0 -1.1454037611576493 0.0 114.54037611576493 0.0 -1.0339757656912846e-25 0.0 1.1454037611576493 0.0 5.0664812518872945e-24 0.0 
0.0 0.0 0.0 0.0 0.0 0.0 0.20164498378415027 0.0 6.000000000000001 0.0 -0.06397627943292379 0.0 1.0339757656912846e-25 0.0 -0.7647766687532709 0.0 76.47766687532709 0.0 -1.0339757656912846e-25 0.0 0.7647766687532709 0.0 5.0664812518872945e-24 0.0 
0.0 0.0 0.0 0.0 0.0 0.0 0.19027402228467918 0.0 5.6000000000000005 0.0 -0.05816702718976499 0.0 -1.6939624969320315e-21 0.0 -0.4101344801013091 0.0 41.01344801013091 0.0 1.6939624969320315e-21 0.0 0.4101344801013091 0.0 1.3557593637320693e-20 0.0 
0.0 0.0 0.0 0.0 0.0 0.0 0.17981668230915115 0.0 5.2 0.0 -0.05263875052209845 0.0 1.0339757656912846e-25 0.0 -0.11056796894514853 0.0 11.056796894514854 0.0 -1.0339757656912846e-25 0.0 0.11056796894514853 0.0 -1.5509636485369269e-24 0.0 
0.0 0.0 0.0 0.0 0.0 0.0 0.17804826624243078 0.0 4.8 0.0 -0.04763663881210693 0.0 -4.68229248207114e-10 0.0 0.0582540917468469 0.0 -5.825409175163873 0.0 4.68229248207114e-10 0.0 -0.0582540917468469 0.0 4.791834972133695e-10 0.0 
0.0 0.0 0.0 0.0 0.0 0.0 0.18000234514216118 0.0 4.3999999999999995 0.0 -0.042886467582447615 0.0 -1.115659851180896e-22 0.0 0.20529957300996188 0.0 -20.529957300996188 0.0 1.115659851180896e-22 0.0 -0.20529957300996188 0.0 -3.2449261454689584e-21 0.0 
0.0 0.0 0.0 0.0 0.0 0.0 0.18131912262637506 0.0 3.9999999999999996 0.0 -0.03826502441756324 0.0 -1.115659851180896e-22 0.0 0.32711230804811764 0.0 -32.71123080481176 0.0 1.115659851180896e-22 0.0 -0.32711230804811764 0.0 1.4320564354824292e-22 0.0 
0.0 0.0 0.0 0.0 0.0 0.0 0.1820711709855866 0.0 3.5999999999999996 0.0 -0.03375295743605479 0.0 3.2765658038991117e-21 0.0 0.42748557315819563 0.0 -42.74855731581956 0.0 -3.2765658038991117e-21 0.0 -0.42748557315819563 0.0 1.4320564354824292e-22 0.0 
0.0 0.0 0.0 0.0 0.0 0.0 0.18233051055865393 0.0 3.1999999999999997 0.0 -0.029331220595730047 0.0 -1.115659851180896e-22 0.0 0.510152695250983 0.0 -51.01526952509829 0.0 1.115659851180896e-22 0.0 -0.510152695250983 0.0 1.8372715380568436e-21 0.0 
0.0 0.0 0.0 0.0 0.0 0.0 0.18216216440913158 0.0 2.8 0.0 -0.024982793863592482 0.0 1.582499909390511e-21 0.0 0.5784498712402241 0.0 -57.84498712402241 0.0 -1.582499909390511e-21 0.0 -0.5784498712402241 0.0 1.4320564354824292e-22 0.0 
0.0 0.0 0.0 0.0 0.0 0.0 0.18162180348334084 0.0 2.4 0.0 -0.02069332148972511 0.0 -1.115659851180896e-22 0.0 0.6351910562172869 0.0 -63.519105621728684 0.0 1.115659851180896e-22 0.0 -0.6351910562172869 0.0 1.4320564354824292e-22 0.0 
0.0 0.0 0.0 0.0 0.0 0.0 0.18075584320499175 0.0 2.0 0.0 -0.01645110799076259 0.0 7.354669621362107e-22 0.0 0.6826687507528544 0.0 -68.26687507528544 0.0 -7.354669621362107e-22 0.0 -0.6826687507528544 0.0 9.902385908025433e-22 0.0 
0.0 0.0 0.0 0.0 0.0 0.0 0.1796026787097204 0.0 1.6 0.0 -0.012246812990799513 0.0 -3.233242219316647e-22 0.0 0.7227138169279289 0.0 -72.27138169279289 0.0 3.233242219316647e-22 0.0 -0.7227138169279289 0.0 -2.8031083007890725e-22 0.0 
0.0 0.0 0.0 0.0 0.0 0.0 0.17819425037799674 0.0 1.2000000000000002 0.0 -0.00807305250691294 0.0 -4.292033403384522e-22 0.0 0.7567736327087939 0.0 -75.6773632708794 0.0 4.292033403384522e-22 0.0 -0.7567736327087939 0.0 1.4320564354824292e-22 0.0 
0.0 0.0 0.0 0.0 0.0 0.0 0.17655753219858242 0.0 0.8000000000000002 0.0 -0.0039240110871135905 0.0 -5.862642591469584e-23 0.0 0.7859881190743286 0.0 -78.59881190743286 0.0 5.862642591469584e-23 0.0 -0.7859881190743286 0.0 -2.8031083007890725e-22 0.0 
0.0 0.0 0.0 0.0 0.0 0.0 0.17471578178559746 0.0 0.40000000000000013 0.0 0.0002048933593437217 0.0 -5.686866711302065e-24 0.0 0.8112554386033574 0.0 -81.12554386033574 0.0 5.686866711302065e-24 0.0 -0.8112554386033574 0.0 1.4320564354824292e-22 0.0 
0.0 0.0 0.0 0.0 0.0 0.0 0.17268951885797332 0.0 1.1102230246251565e-16 0.0 0.004317282428508594 0.0 5.0561414942303817e-23 0.0 0.8332854816555115 0.0 -83.32854816555115 0.0 -5.0561414942303817e-23 0.0 -0.8332854816555115 0.0 -2.8031083007890725e-22 0.0 
0.0 0.0 0.0 0.0 0.0 0.0 0.1704972556045113 0.0 -0.3999999999999999 0.0 0.008416032324957214 0.0 5.0561414942303817e-23 0.0 0.8526420300213386 0.0 -85.26420300213387 0.0 -5.0561414942303817e-23 0.0 -0.8526420300213386 0.0 -6.855259326533217e-23 0.0 
0.0 0.0 0.0 0.0 0.0 0.0 0.1681560216261058 0.0 -0.7999999999999999 0.0 0.012503440530716446 0.0 2.409163534060693e-23 0.0 0.8697754266796552 0.0 -86.97754266796552 0.0 -2.409163534060693e-23 0.0 -0.8697754266796552 0.0 -6.855259326533217e-23 0.0 
0.0 0.0 0.0 0.0 0.0 0.0 0.1656817280676853 0.0 -1.2 0.0 0.016581353870001987 0.0 -1.5613034061938397e-23 0.0 0.8850476785206216 0.0 -88.50476785206216 0.0 1.5613034061938397e-23 0.0 -0.8850476785206216 0.0 3.7326525141455374e-23 0.0 
0.0 0.0 0.0 0.0 0.0 0.0 0.16308941053912035 0.0 -1.6 0.0 0.020651266631990906 0.0 -2.3781442610899546e-24 0.0 0.8987516899675977 0.0 -89.87516899675977 0.0 2.3781442610899546e-24 0.0 -0.8987516899675977 0.0 3.7326525141455374e-23 0.0 
0.0 0.0 0.0 0.0 0.0 0.0 0.1603933834137411 0.0 -2.0 0.0 0.024714395803274607 0.0 -1.5613034061938397e-23 0.0 0.911126009732639 0.0 -91.1126009732639 0.0 1.5613034061938397e-23 0.0 -0.911126009732639 0.0 -1.5613034061938397e-23 0.0 
0.0 0.0 0.0 0.0 0.0 0.0 0.15760733120147621 0.0 -2.4 0.0 0.028771738920253778 0.0 4.239300639334267e-24 0.0 0.9223661708045279 0.0 -92.23661708045279 0.0 -4.239300639334267e-24 0.0 -0.9223661708045279 0.0 -1.5613034061938397e-23 0.0 
0.0 0.0 0.0 0.0 0.0 0.0 0.1547443566922614 0.0 -2.8 0.0 0.0328241187529124 0.0 -2.3781442610899546e-24 0.0 0.9326334491779781 0.0 -93.26334491779781 0.0 2.3781442610899546e-24 0.0 -0.9326334491779781 0.0 1.0856745539758488e-23 0.0 
0.0 0.0 0.0 0.0 0.0 0.0 0.1518170006311348 0.0 -3.1999999999999997 0.0 0.03687221800135089 0.0 4.239300639334267e-24 0.0 0.9420616649250595 0.0 -94.20616649250594 0.0 -4.239300639334267e-24 0.0 -0.9420616649250595 0.0 -2.3781442610899546e-24 0.0 
0.0 0.0 0.0 0.0 0.0 0.0 0.1488372437588413 0.0 -3.5999999999999996 0.0 0.04091660639547536 0.0 -4.03250548619601e-24 0.0 0.9507624941646168 0.0 -95.07624941646168 0.0 4.03250548619601e-24 0.0 -0.9507624941646168 0.0 -2.3781442610899546e-24 0.0 
0.0 0.0 0.0 0.0 0.0 0.0 0.14581649899230817 0.0 -3.9999999999999996 0.0 0.04495776199145135 0.0 1.0339757656912846e-25 0.0 0.958829643505412 0.0 -95.8829643505412 0.0 -1.0339757656912846e-25 0.0 -0.958829643505412 0.0 9.305781891221561e-25 0.0 
0.0 0.0 0.0 0.0 0.0 0.0 0.15425326951740775 0.0 -4.3999999999999995 0.0 0.04905680533940298 0.0 -1.0577572083021841e-22 0.0 0.9782437091416252 0.0 -97.82437091416251 0.0 1.0577572083021841e-22 0.0 -0.9782437091416252 0.0 9.305781891221561e-25 0.0 
0.0 0.0 0.0 0.0 0.0 0.0 0.16730172415792074 0.0 -4.8 0.0 0.05320508731359417 0.0 -1.0577572083021841e-22 0.0 1.0073093224783065 0.0 -100.73093224783065 0.0 1.0577572083021841e-22 0.0 -1.0073093224783065 0.0 9.305781891221561e-25 0.0 
0.0 0.0 0.0 0.0 0.0 0.0 0.18037131984353788 0.0 -5.2 0.0 0.05733836216066342 0.0 1.0339757656912846e-25 0.0 1.0334332964765047 0.0 -103.34332964765048 0.0 -1.0339757656912846e-25 0.0 -1.0334332964765047 0.0 9.305781891221561e-25 0.0 
0.0 0.0 0.0 0.0 0.0 0.0 0.193462751131487 0.0 -5.6000000000000005 0.0 0.06145986433198849 0.0 1.0339757656912846e-25 0.0 1.0572496340891175 0.0 -105.72496340891175 0.0 -1.0339757656912846e-25 0.0 -1.0572496340891175 0.0 9.305781891221561e-25 0.0 
0.0 0.0 0.0 0.0 0.0 0.0 0.18244606519280773 0.0 -5.2 0.0 0.055544184983714676 0.0 -2.1165483923700596e-22 0.0 0.6817460417094272 0.0 -68.17460417094271 0.0 2.1165483923700596e-22 0.0 -0.6817460417094272 0.0 -8.461023690651782e-22 0.0 
0.0 0.0 0.0 0.0 0.0 0.0 0.1774992449829386 0.0 -4.8 0.0 0.05029956538404899 0.0 6.564608738797397e-21 0.0 0.4377808231868279 0.0 -43.77808231868279 0.0 -6.564608738797397e-21 0.0 -0.4377808231868279 0.0 5.9301612089692245e-21 0.0 
0.0 0.0 0.0 0.0 0.0 0.0 0.1730361345468774 0.0 -4.3999999999999995 0.0 0.04519626901217533 0.0 2.0117135894866202e-20 0.0 0.22151720293556681 0.0 -22.151720293556682 0.0 -2.0117135894866202e-20 0.0 -0.22151720293556681 0.0 5.9301612089692245e-21 0.0 
0.0 0.0 0.0 0.0 0.0 0.0 0.1690835132996167 0.0 -3.9999999999999996 0.0 0.04024312534067805 0.0 2.0117135894866202e-20 0.0 0.03468589788419976 0.0 -3.468589788419976 0.0 -2.0117135894866202e-20 0.0 -0.03468589788419976 0.0 5.9301612089692245e-21 0.0 
0.0 0.0 0.0 0.0 0.0 0.0 0.17035663884131313 0.0 -3.5999999999999996 0.0 0.0353206268939792 0.0 -3.2053248736429822e-24 0.0 -0.11853065157669158 0.0 11.853065157669159 0.0 3.2053248736429822e-24 0.0 0.11853065157669158 0.0 9.305781891221561e-25 0.0 
0.0 0.0 0.0 0.0 0.0 0.0 0.17253933182691708 0.0 -3.1999999999999997 0.0 0.030640563437125297 0.0 -3.2053248736429822e-24 0.0 -0.25183389531810557 0.0 25.183389531810555 0.0 3.2053248736429822e-24 0.0 0.25183389531810557 0.0 3.3890623672063235e-21 0.0 
0.0 0.0 0.0 0.0 0.0 0.0 0.17417929614614006 0.0 -2.8 0.0 0.026075723493153895 0.0 -3.391337113890844e-21 0.0 -0.36255149963436795 0.0 36.25514996343679 0.0 3.391337113890844e-21 0.0 0.36255149963436795 0.0 3.3890623672063235e-21 0.0 
0.0 0.0 0.0 0.0 0.0 0.0 0.1753382356706254 0.0 -2.4 0.0 0.021607792866851213 0.0 -3.391337113890844e-21 0.0 -0.45427333779967444 0.0 45.42733377996744 0.0 3.391337113890844e-21 0.0 0.45427333779967444 0.0 9.305781891221561e-25 0.0 
0.0 0.0 0.0 0.0 0.0 0.0 0.17607453584548588 0.0 -2.0 0.0 0.017219654958378093 0.0 -3.2053248736429822e-24 0.0 -0.5303545353646542 0.0 53.03545353646541 0.0 3.2053248736429822e-24 0.0 0.5303545353646542 0.0 9.305781891221561e-25 0.0 
0.0 0.0 0.0 0.0 0.0 0.0 0.17643951581174375 0.0 -1.6 0.0 0.012896401099867495 0.0 -3.2053248736429822e-24 0.0 -0.5937174281280438 0.0 59.37174281280438 0.0 3.2053248736429822e-24 0.0 0.5937174281280438 0.0 8.479635254434225e-22 0.0 
0.0 0.0 0.0 0.0 0.0 0.0 0.17647646219172974 0.0 -1.2000000000000002 0.0 0.008625595691903038 0.0 -3.2053248736429822e-24 0.0 -0.6467995911723676 0.0 64.67995911723676 0.0 3.2053248736429822e-24 0.0 0.6467995911723676 0.0 9.305781891221561e-25 0.0 
0.0 0.0 0.0 0.0 0.0 0.0 0.17622118651289181 0.0 -0.8000000000000002 0.0 0.004397132981539206 0.0 -3.2053248736429822e-24 0.0 -0.6915819126466465 0.0 69.15819126466465 0.0 3.2053248736429822e-24 0.0 0.6915819126466465 0.0 -4.22585895438028e-22 0.0 
0.0 0.0 0.0 0.0 0.0 0.0 0.175703220440532 0.0 -0.40000000000000013 0.0 0.0002029205946183204 0.0 2.085529119399321e-22 0.0 -0.7296506264610497 0.0 72.96506264610497 0.0 -2.085529119399321e-22 0.0 0.7296506264610497 0.0 9.305781891221561e-25 0.0 
0.0 0.0 0.0 0.0 0.0 0.0 0.17494713860797997 0.0 -1.1102230246251565e-16 0.0 -0.003963475538292598 0.0 -3.2053248736429822e-24 0.0 -0.7622669124467616 0.0 76.22669124467616 0.0 3.2053248736429822e-24 0.0 0.7622669124467616 0.0 -2.1082765862445293e-22 0.0 
0.0 0.0 0.0 0.0 0.0 0.0 0.1739737639366463 0.0 0.3999999999999999 0.0 -0.008107160445334181 0.0 1.0267379353314456e-22 0.0 -0.7904314372226725 0.0 79.04314372226725 0.0 -1.0267379353314456e-22 0.0 0.7904314372226725 0.0 9.305781891221561e-25 0.0 
0.0 0.0 0.0 0.0 0.0 0.0 0.16870062899112204 0.0 -1.1102230246251565e-16 0.0 -0.0027415132528735052 0.0 -3.208426800940056e-22 0.0 -0.5227428873856119 0.0 52.2742887385612 0.0 3.208426800940056e-22 0.0 0.5227428873856119 0.0 2.1268881500269724e-22 0.0 
0.0 0.0 0.0 0.0 0.0 0.0 0.16386221322779154 0.0 -0.40000000000000013 0.0 0.002505363174600625 0.0 1.32316844759748e-20 0.0 -0.2783352947514382 0.0 27.83352947514382 0.0 -1.32316844759748e-20 0.0 0.2783352947514382 0.0 2.1268881500269724e-22 0.0 
0.0 0.0 0.0 0.0 0.0 0.0 0.15958391722287957 0.0 -0.8000000000000002 0.0 0.007596970371543111 0.0 -3.208426800940056e-22 0.0 -0.06436293852734512 0.0 6.4362938527345115 0.0 3.208426800940056e-22 0.0 0.06436293852734512 0.0 6.797532459534672e-20 0.0 
0.0 0.0 0.0 0.0 0.0 0.0 0.160429634878809 0.0 -1.2000000000000002 0.0 0.01263500137454536 0.0 3.412120026781239e-24 0.0 0.11149982755293586 0.0 -11.149982755293586 0.0 -3.412120026781239e-24 0.0 -0.11149982755293586 0.0 9.305781891221561e-25 0.0 
0.0 0.0 0.0 0.0 0.0 0.0 0.16322893888033788 0.0 -1.6 0.0 0.01741063239371557 0.0 6.779675698061184e-21 0.0 0.26353583207631404 0.0 -26.353583207631406 0.0 -6.779675698061184e-21 0.0 -0.26353583207631404 0.0 9.305781891221561e-25 0.0 
0.0 0.0 0.0 0.0 0.0 0.0 0.16540109434352984 0.0 -2.0 0.0 0.02204657223247494 0.0 6.779675698061184e-21 0.0 0.3881901455482568 0.0 -38.81901455482568 0.0 -6.779675698061184e-21 0.0 -0.3881901455482568 0.0 9.305781891221561e-25 0.0 
0.0 0.0 0.0 0.0 0.0 0.0 0.1670138301406242 0.0 -2.4 0.0 0.026564458123005414 0.0 6.779675698061184e-21 0.0 0.4897040092916858 0.0 -48.97040092916858 0.0 -6.779675698061184e-21 0.0 -0.4897040092916858 0.0 9.305781891221561e-25 0.0 
0.0 0.0 0.0 0.0 0.0 0.0 0.16813642328585718 0.0 -2.8 0.0 0.030985838186531667 0.0 3.412120026781239e-24 0.0 0.5723011974654008 0.0 -57.230119746540076 0.0 -3.412120026781239e-24 0.0 -0.5723011974654008 0.0 9.305781891221561e-25 0.0 
0.0 0.0 0.0 0.0 0.0 0.0 0.16883127420310506 0.0 -3.1999999999999997 0.0 0.035329888183594005 0.0 3.3915439090439826e-21 0.0 0.6397404638351327 0.0 -63.974046383513276 0.0 -3.3915439090439826e-21 0.0 -0.6397404638351327 0.0 1.694996472697723e-21 0.0 
0.0 0.0 0.0 0.0 0.0 0.0 0.16915089963787663 0.0 -3.5999999999999996 0.0 0.039612595095947625 0.0 3.412120026781239e-24 0.0 0.6951555108503713 0.0 -69.51555108503713 0.0 -3.412120026781239e-24 0.0 -0.6951555108503713 0.0 -8.461023690651782e-22 0.0 
0.0 0.0 0.0 0.0 0.0 0.0 0.1638895672483015 0.0 -3.1999999999999997 0.0 0.034250207499151045 0.0 3.412120026781239e-24 0.0 0.4281058935584032 0.0 -42.81058935584032 0.0 -3.412120026781239e-24 0.0 -0.4281058935584032 0.0 3.185679334094848e-22 0.0 
0.0 0.0 0.0 0.0 0.0 0.0 0.1591010058384894 0.0 -2.8 0.0 0.029017335940909446 0.0 2.710846643216439e-20 0.0 0.18644347783078571 0.0 -18.644347783078572 0.0 -2.710846643216439e-20 0.0 -0.18644347783078571 0.0 3.185679334094848e-22 0.0 
0.0 0.0 0.0 0.0 0.0 0.0 0.15570832358416378 0.0 -2.4 0.0 0.023857592064535298 0.0 -1.8187633718509696e-22 0.0 -0.016406199653437738 0.0 1.6406199653437739 0.0 1.8187633718509696e-22 0.0 0.016406199653437738 0.0 3.185679334094848e-22 0.0 
0.0 0.0 0.0 0.0 0.0 0.0 0.1589498016054405 0.0 -2.0 0.0 0.01894840167707467 0.0 -9.822769774067204e-24 0.0 -0.19149270839600416 0.0 19.149270839600415 0.0 9.822769774067204e-24 0.0 0.19149270839600416 0.0 9.305781891221561e-25 0.0 
